15734.00
15638.00
18978.00
22735.00
25115.00
22931.00
21200.00
21084.00
18749.00
20965.00
19029.00
17221.00
16519.00
15999.00
19179.00
24464.00
25657.00
23283.00
22545.00
21540.00
20167.00
21694.00
19520.00
17972.00
17198.00
15575.00
20174.00
24295.00
25849.00
25064.00
24447.00
22659.00
22817.00
23976.00
20795.00
20614.00
18081.00
17862.00
24942.00
28261.00
28431.00
28623.00
26162.00
25578.00
25136.00
24833.00
24035.00
23330.00
20056.00
19965.00
26297.00
29822.00
31644.00
30931.00
27368.00
28332.00
27402.00
27708.00
26720.00
24557.00
23330.00
22823.00
29657.00
31112.00
34154.00
31748.00
28225.00
29303.00
26467.00
27821.00
25932.00
23558.00
21936.00
20803.00
27282.00
28882.00
34219.00
30194.00
28511.00
28261.00
25243.00
27380.00
25850.00
22293.00
20551.00
20311.00
23894.00
28686.00
31911.00
29255.00
28610.00
25409.00
25079.00
25728.00
21708.00
20691.00
17600.00
17064.00
21503.00
24970.00
26952.00
26356.00
24004.00
21522.00
21302.00
21265.00
19916.00
19183.00
15348.00
15469.00
21691.00
26688.00
26238.00
25451.00
23100.00
21698.00
21261.00
21883.00
21462.00
20277.00
16004.00
16002.00
21963.00
24378.00
27713.00
27011.00
23528.00
23730.00
22499.00
23077.00
22372.00
21203.00
17980.00
18500.00
24156.00
25989.00
29379.00
25774.00
23921.00
24169.00
22324.00
24658.00
23510.00
21173.00
19284.00
18638.00
23118.00
28750.00
32626.00
27664.00
27370.00
26001.00
24177.00
26000.00
23747.00
22186.00
19680.00
18789.00
24093.00
30122.00
33411.00
30052.00
28620.00
26418.00
26170.00
27299.00
24806.00
24037.00
20708.00
19470.00
25912.00
30742.00
32454.00
30852.00
29841.00
27107.00
26870.00
27667.00
26075.00
26232.00
21408.00
22538.00
29101.00
31497.00
33652.00
33120.00
29112.00
28866.00
27778.00
27464.00
27433.00
25818.00
22389.00
22494.00
29230.00
31259.00
35632.00
33437.00
30060.00
30304.00
28978.00
29672.00
29182.00
26728.00
23535.00
23507.00
29753.00
32034.00
37940.00
34966.00
33133.00
32075.00
29354.00
32490.00
29908.00
27530.00
26620.00
24039.00
29916.00
34033.00
37235.00
33517.00
33691.00
32375.00
29963.00
32629.00
29793.00
28621.00
26966.00
26237.00
32152.00
35916.00
42422.00
42092.00
39430.00
36664.00
36930.00
37582.00
34662.00
34524.00
31229.00
29605.00
43520.00
47108.00
46920.00
45421.00
41626.00
39997.00
39319.00
