0.346
0.334
0.277
0.252
0.274
0.276
0.247
0.248
0.326
0.24
0.225
0.215
0.223
0.251
0.289
0.218
0.216
0.221
0.188
0.177
0.17
0.175
0.188
0.176
0.178
0.206
0.322
0.309
0.282
0.243
0.25
0.193
0.174
0.16
0.163
0.156
0.165
0.155
0.154
0.195
0.159
0.181
0.174
0.204
0.201
0.209
0.2
0.228
0.258
0.241
0.289
0.332
0.357
0.373
0.293
0.242
0.308
0.257
0.214
0.199
0.198
0.208
0.179
0.175
0.165
0.184
0.167
0.165
0.216
0.18
0.164
0.156
0.148
0.139
0.149
0.154
0.152
0.173
0.266
0.242
0.216
0.238
0.235
0.222
0.16
0.148
0.139
0.135
0.141
0.142
0.143
0.153
0.151
0.151
0.152
0.161
0.174
0.196
0.211
0.18
0.223
0.233
0.243
0.333
0.29
0.337
0.265
0.236
0.25
0.248
0.219
0.199
0.206
0.195
0.179
0.158
0.157
0.17
0.187
0.168
0.151
0.15
0.157
0.141
0.138
0.135
0.148
0.145
0.155
0.177
0.267
0.271
0.246
0.221
0.223
0.21
0.168
0.154
0.144
0.133
0.149
0.147
0.147
0.159
0.168
0.155
0.171
0.174
0.206
0.196
0.23
0.219
0.247
0.264
0.289
0.32
0.344
0.429
0.386
0.316
0.293
0.324
0.308
0.285
0.241
0.27
0.258
0.233
0.236
0.25
0.3
0.339
0.299
0.278
0.279
0.242
0.231
0.224
0.234
0.242
0.245
0.247
0.309
0.369
0.353
0.329
0.293
0.278
0.257
0.238
0.22
0.24
0.207
0.247
0.256
0.284
0.287
0.259
0.28
0.283
0.333
0.307
0.333
0.354
0.378
0.37
0.354
0.451
0.443
0.5
0.452
0.399
0.353
0.375
0.333
0.286
0.289
0.306
0.275
0.26
0.261
0.267
0.278
0.257
0.248
0.237
0.26
0.23
0.231
0.231
0.232
0.244
0.249
0.247
0.288
0.335
0.367
0.342
0.34
0.362
0.282
0.252
0.228
0.268
0.219
0.23
0.236
0.238
0.28
0.233
0.251
0.241
0.297
0.289
0.291
0.284
0.372
0.348
0.329
0.34
0.405
0.479
0.395
0.347
0.326
0.342
0.318
0.279
0.252
0.263
0.257
0.241
0.231
0.224
0.271
0.237
0.223
0.214
0.234
0.218
0.21
0.209
0.198
0.224
0.227
0.24
0.327
0.364
0.367
0.299
0.266
0.256
0.22
0.203
0.195
0.192
0.178
0.196
0.193
0.192
0.233
0.202
0.214
0.196
0.242
0.236
0.28
0.238
0.268
0.317
0.323
0.327
0.338
0.345
0.412
0.324
0.267
0.285
0.276
0.242
0.22
0.233
0.227
0.212
0.209
0.193
0.244
0.212
0.211
0.194
0.214
0.198
0.189
0.19
0.173
0.21
0.198
0.206
0.215
0.309
0.27
0.259
0.265
0.262
0.238
0.207
0.19
0.18
0.177
0.186
0.187
0.191
0.21
0.207
0.208
0.2
0.23
0.277
0.261
0.237
0.299
0.345
0.34
0.429
0.461
0.405
0.584
0.465
0.373
0.381
0.459
0.352
0.296
0.313
0.31
0.293
0.285
0.279
0.288
0.278
0.256
0.235
0.243
0.249
0.238
0.246
0.209
0.267
0.255
0.266
0.285
0.35
0.351
0.325
0.333
0.34
0.318
0.269
0.26
0.259
0.253
0.271
0.283
0.279
0.325
0.358
0.324
0.357
0.375
0.435
0.45
0.532
0.524
0.693
0.637
0.677
0.813
0.681
0.969
0.85
0.729
0.699
0.691
0.608
0.567
0.568
0.569
0.494
0.499
0.477
0.505
0.496
0.456
0.429
0.42
0.432
0.41
0.391
0.36
0.443
0.422
0.428
0.407
0.46
0.517
0.481
0.471
0.462
0.429
0.367
0.353
0.332
0.331
0.341
0.336
0.342
0.365
0.385
0.332
0.372
0.378
0.414
0.371
0.419
0.403
0.487
0.456
0.463
0.573
0.54
0.708
0.563
0.486
0.45
0.452
0.391
0.367
0.353
0.366
0.343
0.33
0.314
0.334
0.366
0.316
0.311
0.313
0.345
0.308
0.311
0.31
0.307
0.351
0.342
0.339
0.401
0.445
0.455
0.418
0.401
0.373
0.329
0.32
0.301
0.321
0.28
0.32
0.327
0.332
0.388
0.325
0.361
0.37
0.387
0.363
0.43
0.369
0.5
0.494
0.434
0.466
0.558
0.685
0.597
0.589
0.518
0.704
0.552
0.422
0.36
0.367
0.335
0.321
0.298
0.296
0.367
0.316
0.314
0.305
0.333
0.309
0.293
0.298
0.283
0.308
0.31
0.321
0.348
0.431
0.424
0.391
0.38
0.379
0.319
0.298
0.282
0.289
0.26
0.289
0.293
0.275
0.345
0.287
0.322
0.309
0.352
0.31
0.367
0.342
0.43
0.448
0.412
0.45
0.535
0.559
0.579
0.5
0.445
0.447
0.438
0.455
0.372
0.36
0.342
0.302
0.28
0.278
0.338
0.279
0.277
0.269
0.291
0.268
0.266
0.256
0.242
0.292
0.287
0.297
0.347
0.428
0.421
0.387
0.371
0.376
0.326
0.287
0.264
0.249
0.246
0.262
0.254
0.249
0.323
0.262
0.287
0.28
0.302
0.286
0.345
0.35
0.427
0.427
0.39
0.447
0.515
0.559
0.68
0.488
0.423
0.424
0.418
0.384
0.364
0.358
0.346
0.315
0.296
0.3
0.449
0.424
0.34
0.303
0.307
0.29
0.28
0.287
0.262
0.322
0.312
0.343
0.366
0.458
0.446
0.445
0.417
0.428
0.36
0.329
0.313
0.312
0.285
0.311
0.309
0.303
0.379
0.335
0.342
0.353
0.372
0.392
0.401
0.379
0.513
0.521
0.455
0.58
0.596
0.574
0.804
0.648
0.515
0.471
0.493
0.418
0.415
0.407
0.413
0.398
0.392
0.399
0.451
0.535
0.495
0.482
0.491
0.526
0.539
0.525
0.477
0.562
0.511
0.529
0.563
0.584
0.643
0.628
0.569
0.536
0.494
0.435
0.41
0.397
0.374
0.414
0.381
0.363
0.41
0.417
0.355
0.384
0.395
0.416
0.403
0.44
0.407
0.534
0.481
0.499
0.546
0.58
0.839
0.638
0.521
0.49
0.5
0.439
0.43
0.432
0.414
0.385
0.365
0.356
0.383
0.401
0.35
0.379
0.342
0.369
0.34
0.342
0.301
0.384
0.367
0.376
0.387
0.43
0.516
0.481
0.429
0.444
0.419
0.369
0.351
0.352
0.396
0.331
0.392
0.392
0.416
0.476
0.408
0.45
0.479
0.534
0.483
0.522
0.535
0.726
0.657
0.644
0.702
0.6943
1.0735
0.7617
0.7712
0.6923
0.671
0.5328
0.5229
0.5363
0.5663
0.5151
0.5105
0.5015
0.5166
0.6063
0.5403
0.5186
0.4756
0.5165
0.4865
0.4863
0.4858
0.4786
0.5416
0.5081
0.5077
0.5944
0.6314
0.647
0.5761
0.5626
0.5692
0.5364
0.5104
0.5023
0.5376
0.4677
0.5595
0.535
0.5656
0.6381
0.5403
0.5776
0.5768
0.6048
0.5467
0.6504
0.5741
0.7094
0.6382
0.598
0.6536
0.7451
0.9766
0.7736
0.6506
0.5977
0.5942
0.5251
0.5063
0.4487
0.4974
0.4597
0.4275
0.4221
0.423
0.5097
0.4648
0.4313
0.3999
0.435
0.3852
0.3803
0.373
0.3511
0.3901
0.3692
0.3835
0.3974
0.4519
0.4594
0.4283
0.3834
0.3825
0.3823
0.3569
0.3236
0.3288
0.2887
0.3269
0.3247
0.3185
0.3905
0.3199
0.3549
0.3564
0.3982
0.3473
0.4319
0.3629
0.4584
0.4429
0.4146
0.4968
0.5589
0.6216
0.6379
0.4751
0.4485
0.4084
0.3815
0.3493
0.3291
0.3505
0.344
0.3235
0.3176
0.2914
0.3903
0.3308
0.3265
0.3093
0.3189
0.3121
0.2942
0.2927
0.2687
0.3338
0.3099
0.3168
0.329
0.4325
0.4359
0.3962
0.3438
0.3481
0.3281
0.321
0.3033
0.3035
0.2893
0.3207
0.3132
0.3047
0.3733
0.3532
0.3787
0.3805
0.4134
0.3975
0.3708
0.387
0.4947
0.4779
0.4437
0.4823
0.5275
0.5683
0.77
0.5377
0.4783
0.4524
0.4733
0.4047
0.379
0.3773
0.3892
0.3605
0.3467
0.3291
0.398
0.3975
0.3518
0.3247
0.3356
0.3391
0.3249
0.3285
0.2935
0.3689
0.3392
0.3395
0.3498
0.4095
0.4815
0.4137
0.3587
0.3658
0.3582
0.3194
0.3148
0.3176
0.3047
0.3329
0.3176
0.3016
0.3556
0.358
0.331
0.3757
0.3753
0.4041
0.3803
0.4231
0.3847
0.5042
0.4434
0.4582
0.5482
0.5475
0.8039
0.5688
0.3957
0.4254
0.4381
0.3742
0.3822
0.3812
0.3717
0.3616
0.3631
0.3333
0.3661
0.3861
0.3487
0.3351
0.3336
0.3438
0.319
0.3217
0.2787
0.3422
0.3247
0.3274
0.3361
0.3774
0.4562
0.4024
0.3707
0.3709
0.3769
0.326
0.3102
0.3071
0.2837
0.3208
0.3158
0.2942
0.3289
0.3577
0.313
0.3324
0.3341
0.3576
0.3474
0.4106
0.3509
0.4627
0.4386
0.4238
0.4839
0.483977
0.710493
0.545768
0.412977
0.435743
0.44424
0.359219
0.33293
0.355357
0.343065
0.321153
0.313104
0.288648
0.30894
0.344364
0.305201
0.285566
0.277726
0.276773
0.283832
0.28615
0.242793
0.299672
0.281043
0.285191
0.294288
0.321855
0.402706
0.361491
0.339756
0.309433
0.296403
0.256647
0.245058
0.243829
0.255589
0.210375
0.243651
0.242206
0.244736
0.291075
0.242157
0.27119
0.261036
0.30634
0.286334
0.354037
0.288614
0.412297
0.372869
0.384763
0.397287
0.465503
0.65462
0.577975
0.412685
0.394776
0.380906
0.334833
0.315497
0.324517
0.312409
0.294321
0.275545
0.269
0.256607
0.319713
0.27316
0.27244
0.247619
0.267315
0.257101
0.25964
0.255852
0.235308
0.268052
0.2641
0.26877
0.290079
0.33578
0.377872
0.38492
0.311475
0.293718
0.261066
0.253359
0.241809
0.243944
0.220226
0.24725
0.23623
0.226453
0.276732
0.237722
0.264201
0.265794
0.293412
0.257201
0.335818
0.281841
0.391406
0.354028
0.354768
0.413175
0.474226
0.544138
0.519727
0.364499
0.361331
0.340647
0.365301
0.317676
0.28869
0.333669
0.325019
0.291112
0.276369
0.275799
0.321723
0.27524
0.271002
0.247646
0.275425
0.275507
0.260543
0.266146
0.243246
0.295499
0.285589
0.295338
0.319577
0.364594
0.423847
0.365026
0.320773
0.311584
0.291429
0.261419
0.254488
0.25954
0.239989
0.271903
0.262895
0.26531
0.375972
0.284584
0.315473
0.317538
0.336759
0.303556
0.377814
0.316458
0.443684
0.426514
0.420795
0.534261
0.515926
0.581679
0.730995
0.485424
0.440748
0.432922
0.429764
0.364616
0.341969
0.361937
0.355935
0.325164
0.306391
0.297117
0.372079
0.315624
0.324936
0.294785
0.30416
0.299266
0.287082
0.295476
0.27391
0.321727
0.30569
0.316999
0.326407
0.419256
0.448952
0.407676
0.353149
0.336997
0.330678
0.313804
0.302267
0.30551
0.277768
0.323246
0.306549
0.30808
0.361538
0.356203
0.387444
0.394598
0.424771
0.463874
0.433003
0.422676
0.568583
0.574323
0.523403
0.637449
0.649471
0.651775
0.872742
0.691092
0.51136
0.56306
0.57476
0.4982
0.492325
0.504023
0.51441
0.470801
0.477877
0.412904
0.448082
0.459364
0.433912
0.385153
0.384458
0.382113
0.366492
0.365117
0.320632
0.397682
0.369074
0.371232
0.370372
0.427161
0.517888
0.454655
0.408098
0.397522
0.38574
0.344969
0.329287
0.32804
0.302187
0.342419
0.33311
0.334206
0.366862
0.38837
0.344189
0.380253
0.427789
0.473432
0.417766
0.503032
0.43318
0.610113
0.554059
0.555747
0.625772
0.652046
0.882118
0.687914
0.504838
0.508594
0.537238
0.469794
0.429723
0.454987
0.434426
0.417282
0.41318
0.370883
0.393384
0.412948
0.366621
0.364454
0.363794
0.3641
0.341425
0.343432
0.30508
0.374978
0.369067
0.369995
0.370373
0.395505
0.50605
0.452468
0.55459
0.382138
0.366092
0.322729
0.312436
0.309806
0.339006
0.299189
0.345093
0.315455
0.326938
0.353504
0.310235
0.333005
0.331922
0.392213
0.348011
0.401972
0.317218
0.449726
0.424677
0.396619
0.392612
0.487466
0.70493
0.558516
0.410944
0.397
0.384707
0.34452
0.345116
0.367412
0.364185
0.335154
0.315473
0.330512
0.331871
0.346648
0.321564
0.310916
0.285098
0.301906
0.287944
0.285444
0.291206
0.273411
0.308535
0.304843
0.301549
0.334335
0.362425
0.402348
0.41826
0.320155
0.314579
0.277263
0.270913
0.254231
0.270528
0.238902
0.280903
0.26551
0.263636
0.338726
0.288699
0.321509
0.309359
0.36528
0.310455
0.377935
0.306788
0.43121
0.39856
0.382583
0.398084
0.481735
0.676076
0.571816
0.42757
0.481458
0.4298
0.385594
0.368626
0.307194
0.35525
0.331023
0.308038
0.292661
0.289631
0.361348
0.327166
0.29862
0.285837
0.332414
0.30319
0.299324
0.291797
0.273849
0.309033
0.298198
0.305863
0.327262
0.394428
0.443698
0.354495
0.295979
0.304363
0.277614
0.262131
0.257299
0.270561
0.237526
0.264553
0.251191
0.255588
0.322522
0.272742
0.296646
0.291557
0.338561
0.29803
0.366719
0.295729
0.412824
0.397238
0.37621
0.423387
0.482735
0.612648
0.608872
0.400772
0.396457
0.381813
0.387408
0.356237
0.316927
0.342015
0.33958
0.319218
0.305471
0.294031
0.356914
0.31803
0.317072
0.305594
0.325398
0.311646
0.316305
0.314442
0.286566
0.340606
0.337812
0.324411
0.341207
0.428632
0.491891
0.409319
0.311708
0.310703
0.296712
0.286017
0.272182
0.278703
0.266145
0.304323
0.272431
0.269067
0.345311
0.306465
0.322856
0.332061
0.383687
0.335181
0.425889
0.336269
0.474548
0.421109
0.42345
0.490349
0.513686
0.59601
0.63791
0.51082
0.492966
0.433693
0.440961
0.395332
0.347053
0.368044
0.355818
0.35707
0.396731
0.342023
0.353032
0.343654
0.336033
0.291957
0.298195
0.303532
0.287891
0.287622
0.266116
0.329099
0.307141
0.312226
0.315615
0.382989
0.44951
0.360385
0.294762
0.283216
0.285795
0.265742
0.259677
0.251425
0.238893
0.272464
0.273232
0.261251
0.292029
0.306521
0.271934
0.311965
0.320827
0.34024
0.33073
0.383512
0.328186
0.444305
0.404436
0.429566
0.52065
0.54121
0.654473
0.513913
0.38531
0.380099
0.370766
0.320374
0.309202
0.317339
0.314787
0.296698
0.291463
0.268823
0.311186
0.329663
0.286593
0.295166
0.295629
0.278052
0.267251
0.264697
0.248167
0.309928
0.302577
0.29072
0.298299
0.372574
0.434598
0.33925
0.281794
0.273471
0.289083
0.27291
0.255236
0.250205
0.224948
0.253456
0.246061
0.237214
0.260705
0.286436
0.255634
0.272593
0.293086
0.322842
0.311499
0.341845
0.309788
0.402699
0.374107
0.368823
0.445345
0.479854
0.682016
0.512837
0.355092
0.357976
0.368113
0.328354
0.313367
0.31348
0.305542
0.298302
0.293692
0.272808
0.288484
0.294014
0.288059
0.27822
0.261089
0.270108
0.262107
0.259125
0.24855
0.289495
0.293195
0.322017
0.348842
0.379734
0.428977
0.364767
0.314782
0.277621
0.279621
0.246823
0.237999
0.233516
0.255938
0.217454
0.237609
0.220668
0.246284
0.300862
0.257172
0.275574
0.281932
0.332611
0.315504
0.338501
0.295041
0.421605
0.355872
0.344452
0.4422
0.508983
0.713805
0.514082
0.364737
0.349733
0.344947
0.320679
0.28613
0.297918
0.297325
0.289813
0.275453
0.260817
0.263516
0.327621
0.286018
0.263835
0.25219
0.274268
0.251063
0.25036
0.260517
0.256922
0.267582
0.267825
0.269755
0.303758
0.364078
0.369123
0.293348
0.254195
0.259805
0.236658
0.226061
0.219278
0.235849
0.204302
0.21907
0.232486
0.246445
0.278925
0.23458
0.250864
0.257767
0.297136
0.262607
0.309248
0.268255
0.378735
0.318175
0.329649
0.377695
0.439912
0.606897
0.442494
0.328841
0.33274
0.365245
0.311897
0.281256
0.258962
0.283024
0.255109
0.242139
0.239835
0.22952
0.27413
0.237218
0.240266
0.249458
0.259546
0.231706
0.234599
0.239836
0.242991
0.267752
0.265617
0.273344
0.280979
0.363793
0.377982
0.296255
0.253466
0.266151
0.261358
0.251844
0.23903
0.242375
0.229954
0.245991
0.222219
0.227249
0.292784
0.255082
0.263445
0.269489
0.342414
0.294727
0.37416
0.321859
0.447262
0.390088
0.402476
0.48172
0.568973
0.558768
0.599562
0.398188
0.447386
0.424696
0.396151
0.345841
0.357591
0.379286
0.37721
0.351497
0.334747
0.328576
0.397282
0.346981
0.369745
0.353831
0.336319
0.331765
0.338374
0.346231
0.335765
0.397015
0.354526
0.35177
0.375885
0.526826
0.524139
0.406038
0.332957
0.34166
0.333042
0.317046
0.30785
0.319016
0.309567
0.317245
0.353611
0.4004
0.441754
0.426881
0.429542
0.436901
0.443971
0.456366
0.420259
0.438893
0.605916
0.491836
0.440906
0.52957
0.647045
0.637343
0.799246
0.558297
0.43169
0.445552
0.438611
0.376573
0.367504
0.385272
0.386992
0.352045
0.366372
0.386296
0.432384
0.428834
0.385151
0.36735
0.362681
0.358286
0.348887
0.346439
0.309183
0.378613
0.356096
0.358959
0.358658
0.456716
0.506718
0.394586
0.338441
0.326356
0.332673
0.313869
0.314852
0.310864
0.318361
0.337577
0.317264
0.319063
0.365613
0.385689
0.349927
0.375591
0.397346
0.427078
0.372829
0.436549
0.385788
0.54743
0.486258
0.483449
0.620929
0.620004
0.724111
0.542563
0.434888
0.449286
0.43952
0.398291
0.387536
0.429782
0.414568
0.389909
0.361492
0.371692
0.39416
0.434911
0.39918
0.401342
0.377383
0.364287
0.362276
0.3595
0.35189
0.42119
0.383371
0.37656
0.394214
0.483401
0.552621
0.429381
0.348382
0.33377
0.348207
0.312087
0.313058
0.319362
0.322501
0.328414
0.301217
0.304968
0.33788
0.368876
0.328572
0.352117
0.345573
0.397387
0.347719
0.39799
0.357811
0.486202
0.412627
0.424192
0.516493
0.552815
0.677897
0.490763
0.382262
0.406298
0.433234
0.341634
0.328171
0.34214
0.339007
0.312067
0.304462
0.296776
0.304249
0.350739
0.334965
0.313686
0.283236
0.292754
0.297061
0.293974
0.304067
0.308229
0.31393
0.322481
0.318746
0.34992
0.444531
0.394372
0.313225
0.282128
0.291611
0.262936
0.274433
0.276308
0.27493
0.250568
0.275846
0.282729
0.279591
0.338711
0.279846
0.317573
0.305546
0.351404
0.311901
0.355954
0.32069
0.47357
0.370604
0.374749
0.446699
0.540927
0.693776
0.467862
0.360583
0.364704
0.347391
0.30929
0.303814
0.290776
0.332067
0.307061
0.290719
0.291378
0.294994
0.339709
0.285657
0.299891
0.290824
0.297347
0.275524
0.276761
0.304306
0.289914
0.315938
0.289831
0.286681
0.327268
0.427323
0.374665
0.295026
0.261906
0.269746
0.257151
0.252016
0.251642
0.271613
0.322387
0.346204
0.292435
0.313847
0.380093
0.303158
0.304733
0.294376
0.340491
0.283564
0.368859
0.29073
0.4446
0.391961
0.359108
0.433397
0.475889
0.555114
0.439873
0.317926
0.318805
0.321527
0.310078
0.269571
0.272478
0.301867
0.294764
0.269237
0.26537
0.253985
0.314696
0.268472
0.291349
0.279715
0.317239
0.288972
0.277168
0.292714
0.260263
0.285892
0.277441
0.287503
0.304638
0.418363
0.377115
0.288875
0.259974
0.27543
0.256259
0.252357
0.251275
0.259539
0.240231
0.267036
0.261396
0.249288
0.307646
0.271863
0.291372
0.301079
0.326711
0.286151
0.36769
0.323509
0.448898
0.384123
0.361672
0.425357
0.499979
0.506059
0.506709
0.367583
0.359959
0.339018
0.363018
0.305945
0.299
0.320194
0.298927
0.277187
0.273432
0.268218
0.328266
0.317917
0.303984
0.267672
0.274801
0.258516
0.270446
0.273397
0.263527
0.302368
0.290951
0.292583
0.300348
0.417554
0.383839
0.298366
0.257426
0.270563
0.26642
0.257573
0.266179
0.257454
0.245526
0.261971
0.247643
0.255431
0.298317
0.306519
0.307675
0.303357
0.325831
0.35176
0.323124
0.324047
0.462902
0.42313
0.393042
0.45628
0.507908
0.5227
0.547943
0.415397
0.369498
0.380234
0.377595
0.325886
0.330013
0.345287
0.341364
0.335909
0.316208
0.342189
0.357209
0.37096
0.328334
0.337854
0.335533
0.325479
0.319817
0.326627
0.300989
0.373033
0.349254
0.358158
0.368544
0.401672
0.476071
0.403607
0.374182
0.381887
0.372807
0.342164
0.344255
0.360485
0.336131
0.38172
0.39761
0.392121
0.426786
0.4541
0.416114
0.449429
0.466373
0.539812
0.513047
0.609128
0.53723
0.760481
0.629867
0.719691
0.717
0.731958
0.956791
0.763987
0.620143
0.682176
0.710152
0.619951
0.605668
0.645827
0.652635
0.601192
0.590067
0.599299
0.623279
0.610522
0.596564
0.583457
0.536648
0.570412
0.540925
0.538311
0.50038
0.581092
0.562449
0.572425
0.563387
0.585963
0.677038
0.59073
0.516351
0.470988
0.486586
0.46178
0.460998
0.460525
0.470079
0.414557
0.441311
0.44962
0.456233
0.513852
0.464985
0.499374
0.487714
0.53723
0.47935
0.547022
0.46209
0.673097
0.561655
0.571378
0.561852
0.651215
0.825891
0.659173
0.507651
0.538617
0.512463
0.482078
0.45816
0.474662
0.462679
0.439061
0.413067
0.41271
0.42113
0.514136
0.436814
0.429196
0.39935
0.414327
0.414572
0.410778
0.418873
0.398864
0.448305
0.42708
0.444712
0.470366
0.515991
0.502065
0.413679
0.40214
0.425471
0.405484
0.384955
0.383135
0.381863
0.341791
0.382341
0.372551
0.373681
0.462667
0.394016
0.408489
0.421097
0.452657
0.409548
0.464817
0.412922
0.585711
0.491776
0.495548
0.52571
0.578904
0.773499
0.549688
0.48595
0.464775
0.440706
0.4244
0.380985
0.353797
0.407299
0.371721
0.354457
0.357457
0.353817
0.448029
0.381834
0.387867
0.415974
0.397737
0.361573
0.376632
0.381497
0.366816
0.400608
0.394286
0.406633
0.42564
0.473963
0.470086
0.369207
0.341103
0.354408
0.346014
0.34487
0.336761
0.348582
0.328868
0.35382
0.328073
0.332394
0.405906
0.357562
0.377156
0.369647
0.402532
0.363016
0.440157
0.37264
0.528793
0.435863
0.421103
0.497689
0.540057
0.646219
0.525422
0.41688
0.422287
0.401365
0.365014
0.346659
0.334242
0.368433
0.340102
0.319498
0.323373
0.3158
0.390064
0.370482
0.370632
0.333476
0.34108
0.325094
0.330427
0.34626
0.324385
0.37661
0.364548
0.370521
0.369826
0.442192
0.45526
0.34078
0.312931
0.320219
0.31768
0.311857
0.312542
0.309537
0.299729
0.330454
0.303685
0.301046
0.329925
0.36273
0.345227
0.339924
0.361823
0.478551
0.403636
0.358865
0.500163
0.429191
0.401431
0.457584
0.490126
0.557424
0.558047
0.43736
0.369567
0.388708
0.361759
0.351087
0.310512
0.335794
0.317661
0.301471
0.316133
0.317494
0.356935
0.359415
0.326264
0.301622
0.301602
0.320253
0.303357
0.319508
0.294608
0.332964
0.33697
0.336901
0.335424
0.383811
0.410974
0.340457
0.281692
0.288861
0.282756
0.281164
0.279803
0.269359
0.229648
0.272946
0.255087
0.252196
0.335937
0.360957
0.312037
0.325326
0.331867
0.364167
0.327053
0.369197
0.321896
0.463413
0.414613
0.418272
0.452664
0.488537
0.534966
0.416116
0.357806
0.357742
0.360338
0.322761
0.312665
0.317832
0.302311
0.28597
0.274072
0.294862
0.299162
0.318793
0.299182
0.318127
0.288748
0.270738
0.287398
0.275412
0.264133
0.313371
0.301195
0.305029
0.305791
0.322753
0.370559
0.287049
0.257625
0.247877
0.269468
0.249463
0.249006
0.24978
0.234755
0.242318
0.23978
0.227571
0.257545
0.273756
0.256166
0.271331
0.266921
0.309338
0.286115
0.357202
0.294389
0.389284
0.327827
0.340827
0.389757
0.439342
0.529685
0.383538
0.281885
0.306643
0.324158
0.277904
0.280639
0.315566
0.277925
0.260242
0.248032
0.239748
0.253533
0.308173
0.279797
0.25078
0.236421
0.242882
0.243612
0.253454
0.230676
0.275619
0.258764
0.263199
0.274646
0.303585
0.344471
0.262949
0.230314
0.224104
0.239326
0.229251
0.226649
0.230079
0.232507
0.198903
0.219342
0.215116
0.227176
0.256522
0.23286
0.245365
0.25844
0.291098
0.264816
0.305424
0.262628
0.384491
0.313276
0.319641
0.346542
0.405368
0.502904
0.378747
0.295936
0.31194
0.290796
0.25838
0.24887
0.265802
0.247628
0.236888
0.230882
0.235716
0.245035
0.270419
0.2424
0.24504
0.243392
0.261899
0.244869
0.240798
0.24674
0.2323
0.266277
0.247968
0.263662
0.267437
0.298673
0.268526
0.231925
0.219202
0.231542
0.21957
0.217011
0.215688
0.217715
0.193291
0.205649
0.198455
0.200456
0.238581
0.233633
0.237314
0.245751
0.258608
0.22377
0.287794
0.249774
0.35158
0.305268
0.315068
0.343213
0.350561
0.414742
0.352799
0.28403
0.280983
0.259713
0.245886
0.239322
0.212829
0.243959
0.222227
0.224693
0.228269
0.208347
0.239823
0.225864
0.241611
0.210955
0.21504
0.206905
0.210544
0.232138
0.212696
0.234652
0.228883
0.239635
0.252886
0.284329
0.257763
0.220455
0.198776
0.211924
0.19828
0.19513
0.196227
0.250627
0.211923
0.212313
0.212987
0.20418
0.229241
0.205592
0.216004
0.215977
0.242111
0.236654
0.275004
0.224851
0.326052
0.282055
0.287479
0.32518
0.3515
0.40393
0.354708
0.260432
0.268197
0.243422
0.233252
0.212609
0.196294
0.225893
0.205185
0.198649
0.195433
0.201057
0.231759
0.22609
0.200139
0.186451
0.190262
0.195214
0.207043
0.202846
0.191523
0.217289
0.206023
0.222766
0.231539
0.264869
0.232238
0.201288
0.17988
0.185174
0.180038
0.173331
0.175745
0.173607
0.16264
0.173624
0.17293
0.171816
0.193936
0.190501
0.198733
0.19853
0.214814
0.235981
0.226576
0.218658
0.317936
0.261525
0.255195
0.291581
0.327388
0.350681
0.343678
0.269369
0.25058
0.254263
0.242762
0.210679
0.203049
0.22054
0.209302
0.194335
0.190023
0.183775
0.196071
0.196364
0.211762
0.204755
0.204033
0.188264
0.191931
0.198194
0.189577
0.220186
0.205921
0.225819
0.224565
0.231995
0.243621
0.196382
0.178897
0.179879
0.186914
0.171386
0.176867
0.179516
0.160342
0.173134
0.175394
0.172968
0.188106
0.201677
0.186748
0.198733
0.205625
0.238996
0.227892
0.252428
0.216827
0.317866
0.270547
0.287243
0.312524
0.335294
0.337883
0.281646
0.228443
0.224561
0.219459
0.209218
0.198845
0.216625
0.199914
0.251875
2.914268
5.981838
6.161268
4.898119
4.221704
3.466665
2.79086
2.325889
2.162822
1.902006
1.610909
1.555824
1.456353
1.446176
1.425969
1.390315
1.511632
1.372247
1.200962
0.982808
0.830266
0.878555
0.813744
0.826436
0.857006
0.784765
0.814441
0.731391
0.722387
0.82059
0.757745
0.73166
0.736618
0.719716
0.708717
0.827447
0.710901
0.946091
0.928178
0.854113
0.823512
0.898597
1.082696
0.930184
0.833704
0.843702
0.860209
0.827835
0.707268
0.749251
0.714661
0.750287
0.630621
0.701073
0.668346
0.62042
0.583397
0.611236
0.510161
0.488815
0.451302
0.41631
0.430171
0.364577
0.407148
0.396935
0.362899
0.382622
0.388662
0.411244
0.342003
0.325265
0.322782
0.309229
0.298533
0.291942
0.285683
0.265902
0.306581
0.301143
0.262105
0.280538
0.257197
0.24727
0.241656
0.256937
0.240332
0.253211
0.21642
0.283651
0.265349
0.254823
0.257349
0.314796
0.415162
0.337075
0.267637
0.258288
0.231452
0.240502
0.216574
0.196537
0.220486
0.204494
0.182581
0.197128
0.194671
0.223751
0.197219
0.202952
0.196422
0.185815
0.199631
0.187695
0.183446
0.186568
0.20589
0.206272
0.207061
0.218886
0.243485
0.237092
0.200929
0.196116
0.196308
0.187391
0.17922
0.173867
0.172835
0.152144
0.168701
0.153821
0.167378
0.19834
0.178773
0.18442
0.185973
0.206079
0.200237
0.248916
0.199323
0.287976
0.250038
0.248444
0.269877
0.278487
0.339883
0.28833
0.225228
0.225026
0.234007
0.225332
0.211007
0.202156
0.23884
0.218084
0.213003
0.224193
0.20712
0.235237
0.229319
0.225137
NA
NA
NA
NA
NA
NA
NA
NA
NA
NA
NA
NA
NA
NA
NA
NA
NA
NA
NA
NA
NA
NA
NA
NA
NA
NA
NA
NA
NA
NA
NA
NA
NA
NA
NA
NA
NA
NA
NA
NA
NA
NA
NA
NA
NA
NA
NA
NA
NA
NA
NA
NA
