167837.00
184951.00
206934.00
176021.00
190817.00
200866.00
154525.00
183584.00
183821.00
179150.00
171982.00
173918.00
156548.00
168302.00
188181.00
178082.00
185730.00
190763.00
155943.00
182831.00
189131.00
185242.00
173699.00
169169.00
159686.00
169900.00
191730.00
172388.00
179432.00
192136.00
157284.00
176426.00
195375.00
190905.00
175253.00
182074.00
160928.00
177993.00
209206.00
185404.00
186309.00
204163.00
164145.00
192872.00
204079.00
194247.00
188136.00
197185.00
176001.00
187565.00
214567.00
197842.00
202163.00
219068.00
172301.00
209001.00
219679.00
210399.00
202942.00
213316.00
187907.00
201196.00
235992.00
201362.00
221415.00
236395.00
184784.00
223749.00
224816.00
218389.00
209720.00
216469.00
195871.00
204988.00
239427.00
219442.00
232273.00
243181.00
203164.00
238762.00
233311.00
234852.00
221189.00
220568.00
208485.00
220210.00
234695.00
226628.00
228197.00
243027.00
210610.00
221389.00
230404.00
216278.00
185053.00
191691.00
157699.00
162374.00
183352.00
166314.00
162793.00
177878.00
159653.00
171450.00
184634.00
179422.00
169471.00
181789.00
162640.00
166609.00
198377.00
188374.00
187865.00
204806.00
180913.00
198682.00
207366.00
198126.00
187967.00
198987.00
178085.00
185371.00
225381.00
200951.00
204951.00
222578.00
191572.00
218806.00
221037.00
214559.00
203331.00
212464.00
195411.00
209129.00
236355.00
215740.00
227121.00
236750.00
201785.00
225749.00
223558.00
224615.00
214299.00
217070.00
199371.00
208531.00
238308.00
223098.00
232761.00
238551.00
208592.00
232265.00
236087.00
235248.00
222511.00
223508.00
203710.00
213918.00
246528.00
229562.00
235324.00
249903.00
225253.00
240306.00
250880.00
246121.00
218078.00
237708.00
205839.00
214229.00
253572.00
233648.00
230477.00
253984.00
221788.00
237058.00
247936.00
236691.00
221083.00
225562.00
200150.00
220216.00
246754.00
223316.00
226208.00
245531.00
205572.00
235582.00
241546.00
226669.00
218160.00
226418.00
202410.00
211822.00
251448.00
218394.00
236644.00
250934.00
208621.00
242189.00
244270.00
238145.00
231039.00
231500.00
215393.00
223857.00
260378.00
237403.00
248177.00
262947.00
225627.00
259054.00
254334.00
256491.00
241854.00
242541.00
223214.00
230531.00
260536.00
239456.00
248794.00
256334.00
225134.00
247991.00
247217.00
245564.00
226358.00
232176.00
214345.00
226816.00
239906.00
179935.00
188220.00
234239.00
221039.00
238136.00
247641.00
245809.00
229015.00
243873.00
221510.00
226827.00
269425.00
247630.00
246234.00
270707.00
242525.00
263615.00
271967.00
