23955.00
23801.00
27010.00
25863.00
27355.00
27566.00
27594.00
28303.00
25714.00
26408.00
25533.00
27536.00
25052.00
25002.00
28128.00
27390.00
28720.00
28469.00
28638.00
29540.00
26839.00
27595.00
26967.00
28185.00
26057.00
25573.00
29161.00
28261.00
30907.00
29756.00
30600.00
31844.00
28559.00
30255.00
28869.00
29884.00
28642.00
28755.00
31133.00
30866.00
32155.00
31380.00
33125.00
32184.00
30550.00
32258.00
29981.00
32528.00
29792.00
29742.00
32757.00
33578.00
34056.00
33570.00
34940.00
34292.00
32850.00
33921.00
32083.00
34882.00
32394.00
31634.00
35840.00
35141.00
36167.00
35771.00
36298.00
36640.00
35439.00
35820.00
33839.00
37803.00
33593.00
33097.00
38225.00
36554.00
38311.00
38450.00
38539.00
38825.00
36791.00
37608.00
35954.00
38604.00
35063.00
35722.00
38491.00
37918.00
40679.00
38716.00
39568.00
40419.00
37234.00
38425.00
36307.00
37723.00
36190.00
34947.00
38458.00
37813.00
40247.00
38355.00
39224.00
38887.00
36575.00
38250.00
35513.00
37546.00
35513.00
35359.00
39374.00
39393.00
40785.00
39421.00
41024.00
40308.00
38361.00
40150.00
37447.00
39785.00
36961.00
37394.00
42036.00
41761.00
43020.00
42080.00
43301.00
42385.00
41383.00
42415.00
39703.00
42911.00
39644.00
40931.00
45647.00
43755.00
45479.00
44892.00
44506.00
44936.00
43027.00
43577.00
42472.00
45295.00
41805.00
41503.00
47577.00
45573.00
47505.00
45461.00
45501.00
46916.00
43666.00
46074.00
45295.00
46608.00
42930.00
42896.00
49410.00
47703.00
51058.00
47901.00
48708.00
50117.00
47121.00
50204.00
47692.00
50862.00
48089.00
46736.00
53263.00
52412.00
55541.00
52138.00
53200.00
53202.00
50763.00
54025.00
50184.00
54546.00
50021.00
51471.00
55860.00
56355.00
57069.00
54676.00
56069.00
55241.00
54369.00
55818.00
53360.00
57614.00
52983.00
52835.00
60191.00
58623.00
60171.00
58695.00
58474.00
58502.00
57132.00
58184.00
55671.00
61188.00
54478.00
54702.00
63389.00
60128.00
63941.00
63529.00
63442.00
64514.00
59965.00
61724.00
59138.00
63088.00
57077.00
57307.00
66690.00
63999.00
68306.00
66674.00
66613.00
68469.00
63520.00
65759.00
63127.00
66004.00
61567.00
62956.00
47740.00
30017.00
42321.00
51473.00
54511.00
56358.00
54740.00
57392.00
50911.00
51497.00
52757.00
50627.00
65145.00
67346.00
72458.00
72508.00
76455.00
74397.00
71170.00
