15693
15835
16848
16494
17648
16814
17304
17888
16459
17668
16723
17491
16201
15625
17414
17841
18712
18571
19092
19329
18108
18745
17463
18366
16073
16509
18757
18774
19400
19437
20157
19943
18826
19314
18248
19562
17340
16982
19369
19404
20209
20235
20502
20878
19601
19768
18785
19939
17647
18439
20259
19832
21139
20669
20971
21792
19826
20736
20332
20603
19316
19128
21383
21110
22674
21874
22665
23300
21392
22106
20751
21665
20408
20096
22340
22241
23872
23200
23744
23857
22328
23735
22022
23351
21316
21199
23320
23674
24651
24088
25059
24611
23240
24847
23249
24646
22713
23493
25798
25366
26125
26222
26701
26457
25531
25732
24362
25761
23955
23801
27010
25863
27355
27566
27594
28303
25714
26408
25533
27536
25052
25002
28128
27390
28720
28469
28638
29540
26839
27595
26967
28185
26057
25573
29161
28261
30907
29756
30600
31844
28559
30255
28869
29884
28642
28755
31133
30866
32155
31380
33125
32184
30550
32258
29981
32528
29792
29742
32757
33578
34056
33570
34940
34292
32850
33921
32083
34882
32394
31634
35840
35141
36167
35771
36298
36640
35439
35820
33839
37803
33593
33097
38225
36554
38311
38450
38539
38825
36791
37608
35954
38604
35063
35722
38491
37918
40679
38716
39568
40419
37234
38425
36307
37723
36190
34947
38458
37813
40247
38355
39224
38887
36575
38250
35513
37546
35513
35359
39374
39393
40785
39421
41024
40308
38361
40150
37447
39785
36961
37394
42036
41761
43020
42080
43301
42385
41383
42415
39703
42911
39644
40931
45647
43755
45479
44892
44506
44936
43027
43577
42472
45295
41808
41510
47588
45589
47524
45482
45525
46943
43690
46105
45327
46644
42961
42926
49448
47738
51096
47940
48750
50162
47168
50258
47750
50930
48158
46808
53350
52493
55627
52217
53279
53275
50824
54085
50232
54592
50050
51492
55872
56360
57061
54662
56050
55212
54338
55778
53316
57564
52936
52785
60143
58580
60138
58676
58469
58511
57156
58233
55742
61280
54590
54835
63545
60304
64087
63610
63452
64453
59815
61469
58756
62565
56484
56616
65870
63232
67527
66107
66277
68354
63746
66390
64257
67668
63714
65661
50030
31413
44206
54000
57266
59419
57832
60528
53480
53721
54821
52426
67442
69477
74722
74735
78599
76261
72735
76223
71014
75150
66838
69418
80924
82783
86134
83834
85554
85325
82799
86028
79585
86696
81879
80204
91856
