33236.00
31488.00
34856.00
33685.00
36068.00
35215.00
35418.00
35919.00
34379.00
34847.00
35308.00
37708.00
34533.00
32024.00
35863.00
33190.00
36478.00
34933.00
35885.00
36025.00
33610.00
34885.00
35649.00
36738.00
35384.00
32440.00
35265.00
34854.00
37057.00
35212.00
37108.00
36644.00
34697.00
35870.00
35786.00
37670.00
36475.00
33701.00
35892.00
35876.00
37733.00
36362.00
38170.00
36607.00
36360.00
37004.00
36876.00
40080.00
37176.00
34286.00
38210.00
36908.00
38742.00
38219.00
39289.00
38627.00
37844.00
38251.00
38354.00
41761.00
37489.00
35506.00
38827.00
38269.00
40341.00
39569.00
40357.00
40340.00
38766.00
39322.00
39989.00
42924.00
39649.00
37150.00
40815.00
39244.00
42207.00
41279.00
41619.00
41896.00
40191.00
40924.00
41910.00
44476.00
41864.00
39915.00
42590.00
40966.00
44549.00
42299.00
44057.00
44010.00
41378.00
42811.00
42751.00
44032.00
42942.00
38522.00
41312.00
41781.00
44034.00
42147.00
43839.00
42995.00
41538.00
43020.00
42508.00
45395.00
42985.00
40061.00
43434.00
42236.00
44607.00
42877.00
44559.00
43431.00
42642.00
43536.00
43724.00
46658.00
44282.00
41229.00
45068.00
45586.00
46318.00
45883.00
47171.00
46448.00
44877.00
45725.00
46046.00
48843.00
45462.00
44174.00
47408.00
45754.00
48420.00
47217.00
47473.00
48047.00
46047.00
46975.00
47310.00
49358.00
47095.00
43863.00
48910.00
45367.00
49615.00
47840.00
48871.00
49387.00
46601.00
48396.00
49026.00
50505.00
49275.00
45225.00
49148.00
48847.00
51911.00
49596.00
51528.00
51466.00
49003.00
51196.00
51168.00
53135.00
51643.00
47164.00
51221.00
50112.00
53188.00
50889.00
53017.00
51991.00
50083.00
51795.00
51135.00
53848.00
51810.00
48747.00
52254.00
50543.00
53053.00
52332.00
53382.00
52474.00
51405.00
52655.00
52772.00
56444.00
52552.00
49212.00
54366.00
53635.00
55709.00
54191.00
55159.00
55083.00
54142.00
54561.00
55443.00
59125.00
54910.00
50967.00
57356.00
53647.00
57855.00
56107.00
56720.00
57015.00
54910.00
56019.00
56647.00
59177.00
57184.00
51284.00
57216.00
56053.00
59656.00
57791.00
59460.00
59954.00
56083.00
58172.00
59224.00
60938.00
58722.00
55870.00
73901.00
64383.00
68436.00
63973.00
66892.00
64500.00
62100.00
64017.00
63920.00
67027.00
64785.00
59018.00
64734.00
63749.00
68015.00
66531.00
68923.00
68259.00
66756.00
