313393.00
333448.00
362498.00
324116.00
346311.00
353005.00
297903.00
340571.00
334783.00
332093.00
317373.00
315005.00
294008.00
306665.00
337877.00
325061.00
338430.00
343532.00
300402.00
337490.00
345682.00
343614.00
324259.00
317703.00
305102.00
317506.00
352641.00
323894.00
334938.00
351090.00
312163.00
337448.00
357845.00
356066.00
329062.00
337633.00
311470.00
330954.00
378915.00
349906.00
356301.00
379725.00
332134.00
371578.00
381186.00
377425.00
367316.00
372060.00
346845.00
360009.00
408699.00
386657.00
396886.00
417555.00
362573.00
416538.00
423813.00
414186.00
401328.00
406988.00
380278.00
386860.00
444217.00
402039.00
438708.00
452172.00
392564.00
444840.00
427888.00
422912.00
408549.00
414525.00
388574.00
397035.00
454967.00
431264.00
460286.00
469555.00
423669.00
468381.00
455609.00
470641.00
453942.00
445534.00
432307.00
442996.00
474592.00
475667.00
490500.00
510081.00
476948.00
482530.00
471799.00
450521.00
383475.00
377578.00
337101.00
340896.00
374521.00
354790.00
358584.00
385206.00
358332.00
377369.00
389504.00
389108.00
372369.00
385999.00
359013.00
362439.00
424203.00
408902.00
408799.00
428819.00
398302.00
424860.00
431329.00
425072.00
412464.00
427075.00
403211.00
407684.00
485327.00
456422.00
466496.00
484994.00
445432.00
484300.00
478009.00
469514.00
453233.00
457272.00
435284.00
454151.00
502968.00
472688.00
492665.00
487714.00
453282.00
493640.00
482320.00
491603.00
467096.00
463317.00
447948.00
453770.00
501722.00
481945.00
502208.00
497211.00
473078.00
502793.00
497700.00
502769.00
475613.00
477370.00
452212.00
457808.00
513946.00
496788.00
506820.00
517141.00
488066.00
506609.00
513098.00
505475.00
458398.00
472646.00
424104.00
431113.00
493365.00
469899.00
469475.00
496586.00
454788.00
470575.00
478931.00
466724.00
437157.00
440316.00
399750.00
425230.00
473035.00
441341.00
452785.00
475935.00
422080.00
465534.00
468036.00
452756.00
437278.00
449836.00
418768.00
424572.00
488013.00
445595.00
473918.00
486462.00
435122.00
483079.00
479778.00
479526.00
468496.00
465466.00
448413.00
449124.00
511670.00
482518.00
509066.00
519475.00
475985.00
519293.00
505644.00
514797.00
481120.00
473559.00
451301.00
452180.00
503895.00
482304.00
497391.00
495891.00
464164.00
490984.00
484317.00
487934.00
456510.00
464322.00
439336.00
446221.00
466840.00
381405.00
392244.00
456354.00
440855.00
463438.00
473838.00
474467.00
449725.00
472075.00
443319.00
444179.00
518296.00
489567.00
495067.00
529191.00
494231.00
523537.00
530228.00
